102400 65536 134217728 938.77 109.21 3.78
102400 65536 134217728 921.39 111.14 0.18
102400 524288 134217728 964.73 106.21 2.73
102400 524288 134217728 901.63 113.57 0.15
102400 1048576 134217728 875.64 117.08 4.0
102400 1048576 134217728 895.22 114.39 0.06
102400 2097152 134217728 967.29 105.91 2.19
102400 2097152 134217728 963.14 106.32 0.39
102400 67108864 67108864 1079.77 95.01 4.08
102400 67108864 67108864 87.59 1169.31 16.22
102400 65536 2147483648 818.06 125.62 7.32
102400 65536 2147483648 768.23 133.29 0.13
102400 524288 2147483648 805.52 127.19 2.83
102400 524288 2147483648 814.64 125.7 0.12
102400 1048576 2147483648 880.99 116.38 4.21
102400 1048576 2147483648 908.95 112.66 0.08
102400 2097152 2147483648 966.04 106.03 1.9
102400 2097152 2147483648 974.27 105.1 0.04
102400 524288 67108864 913.71 112.22 4.15
102400 524288 67108864 924.1 110.81 0.1
102400 524288 134217728 994.76 102.99 2.28
102400 524288 134217728 1011.81 101.23 1.72
102400 524288 536870912 1132.23 90.62 4.06
102400 524288 536870912 964.11 106.22 0.85
102400 524288 1073741824 924.64 110.76 1.42
102400 524288 1073741824 770.01 133.01 1.74
102400 524288 2147483648 784.54 130.56 2.19
102400 524288 2147483648 794.33 128.91 0.03
10240 524288 134217728 64.85 157.93 1.91
10240 524288 134217728 82.38 124.31 0.25
51200 524288 134217728 409.53 125.03 1.13
51200 524288 134217728 414.11 123.64 0.07
102400 524288 134217728 906.45 113.13 4.29
102400 524288 134217728 917.3 111.63 0.17
10240 524288 2147483648 74.57 137.33 1.03
10240 524288 2147483648 95.87 106.82 0.41
51200 524288 2147483648 479.39 106.8 0.46
51200 524288 2147483648 482.05 106.21 0.1
102400 524288 2147483648 1053.03 97.4 3.93
102400 524288 2147483648 1083.52 94.51 0.05
