51200 65536 67108864 331.15 154.67 2.97
51200 65536 67108864 337.48 151.71 0.54
51200 131072 67108864 328.78 156.46 10.83
51200 131072 67108864 288.82 177.28 0.62
51200 262144 67108864 305.67 167.52 2.0
51200 262144 67108864 300.91 170.15 0.52
51200 524288 67108864 318.33 160.87 2.29
51200 524288 67108864 318.02 161.0 0.47
51200 1048576 67108864 338.73 151.23 3.33
51200 1048576 67108864 342.09 149.67 0.54
51200 1572864 67108864 323.96 158.98 12.06
51200 1572864 67108864 292.87 174.83 0.61
51200 2097152 67108864 307.93 166.3 2.15
51200 2097152 67108864 307.69 166.4 0.47
51200 3145728 67108864 322.36 158.89 3.16
51200 3145728 67108864 325.7 157.2 0.48
51200 4194304 67108864 348.19 147.11 3.0
51200 4194304 67108864 348.6 146.87 0.56
51200 65536 134217728 305.02 168.42 9.06
51200 65536 134217728 292.27 175.18 0.57
51200 131072 134217728 308.66 165.9 1.98
51200 131072 134217728 305.97 167.34 0.39
51200 262144 134217728 322.45 158.85 3.12
51200 262144 134217728 323.85 158.1 0.49
51200 524288 134217728 345.29 148.36 3.43
51200 524288 134217728 320.83 159.59 0.56
51200 1048576 134217728 298.36 171.62 1.31
51200 1048576 134217728 296.16 172.88 0.55
51200 1572864 134217728 310.76 164.78 1.96
51200 1572864 134217728 308.27 166.09 0.41
51200 2097152 134217728 327.27 156.52 3.27
51200 2097152 134217728 332.38 154.04 0.51
51200 3145728 134217728 337.29 152.42 10.12
51200 3145728 134217728 291.45 175.67 0.61
51200 4194304 134217728 301.17 170.03 2.26
51200 4194304 134217728 300.68 170.28 0.52
51200 65536 536870912 308.55 165.97 2.29
51200 65536 536870912 311.33 164.46 0.45
51200 131072 536870912 327.14 156.6 3.73
51200 131072 536870912 339.3 150.9 0.42
51200 262144 536870912 321.61 160.2 12.8
51200 262144 536870912 290.36 176.34 0.5
51200 524288 536870912 295.92 173.06 2.72
51200 524288 536870912 302.05 169.51 0.48
51200 1048576 536870912 309.49 165.47 2.29
51200 1048576 536870912 318.21 160.9 0.41
51200 1572864 536870912 330.77 154.87 3.42
51200 1572864 536870912 339.51 150.81 0.4
51200 2097152 536870912 313.6 164.47 13.82
51200 2097152 536870912 291.62 175.57 0.51
51200 3145728 536870912 298.09 171.81 2.72
51200 3145728 536870912 302.45 169.29 0.43
51200 4194304 536870912 312.32 163.98 2.57
51200 4194304 536870912 321.14 159.43 0.44
51200 65536 1073741824 335.0 152.91 3.34
51200 65536 1073741824 346.54 147.75 0.45
51200 131072 1073741824 303.11 169.9 12.21
51200 131072 1073741824 291.41 175.7 0.44
51200 262144 1073741824 300.05 170.68 2.62
51200 262144 1073741824 308.64 165.89 0.39
51200 524288 1073741824 314.97 162.61 3.01
51200 524288 1073741824 324.73 157.67 0.43
51200 1048576 1073741824 339.2 151.02 3.45
51200 1048576 1073741824 351.84 145.52 0.41
51200 1572864 1073741824 294.92 173.83 5.95
51200 1572864 1073741824 297.51 172.09 0.51
51200 2097152 1073741824 302.17 169.46 2.09
51200 2097152 1073741824 309.06 165.67 0.27
51200 3145728 1073741824 318.36 160.89 3.24
51200 3145728 1073741824 331.22 154.58 0.48
51200 4194304 1073741824 336.67 152.42 7.58
51200 4194304 1073741824 295.31 173.38 0.47
51200 65536 1610612736 294.1 174.11 1.62
51200 65536 1610612736 297.79 171.93 0.34
51200 131072 1610612736 303.97 168.46 2.09
51200 131072 1610612736 311.77 164.22 0.25
51200 262144 1610612736 322.5 158.83 3.47
51200 262144 1610612736 332.83 153.83 0.29
51200 524288 1610612736 329.03 156.36 11.15
51200 524288 1610612736 291.23 175.81 0.42
51200 1048576 1610612736 295.05 173.54 1.31
51200 1048576 1610612736 300.49 170.39 0.32
51200 1572864 1610612736 307.51 166.53 2.25
51200 1572864 1610612736 311.71 164.25 0.28
51200 2097152 1610612736 327.28 156.53 3.77
51200 2097152 1610612736 339.76 150.7 0.31
51200 3145728 1610612736 322.1 160.07 13.53
51200 3145728 1610612736 291.22 175.81 0.38
51200 4194304 1610612736 298.56 171.57 3.7
51200 4194304 1610612736 302.62 169.19 0.32
51200 65536 2147483648 315.81 162.16 2.44
51200 65536 2147483648 318.64 160.68 0.22
51200 131072 2147483648 336.51 152.2 2.73
51200 131072 2147483648 339.55 150.79 0.23
51200 262144 2147483648 313.0 164.88 14.38
51200 262144 2147483648 291.17 175.84 0.27
51200 524288 2147483648 296.95 172.47 2.89
51200 524288 2147483648 302.49 169.26 0.2
51200 1048576 2147483648 313.54 163.32 2.07
51200 1048576 2147483648 319.6 160.2 0.23
51200 1572864 2147483648 334.84 152.97 2.97
51200 1572864 2147483648 345.91 148.02 0.25
51200 2097152 2147483648 304.34 169.22 12.36
51200 2097152 2147483648 290.97 175.96 0.29
51200 3145728 2147483648 299.02 171.26 2.54
51200 3145728 2147483648 308.56 165.93 0.4
51200 4194304 2147483648 314.65 162.78 3.06
51200 4194304 2147483648 324.16 157.95 0.21
